0 0.085551 0.158854 0.155894 0.213542
0 0.252852 0.156250 0.155894 0.218750
0 0.416350 0.156250 0.163498 0.218750
0 0.581749 0.156250 0.159696 0.218750
0 0.747148 0.158854 0.155894 0.213542
0 0.914449 0.153646 0.155894 0.213542
0 0.085551 0.385417 0.155894 0.208333
0 0.252852 0.385417 0.155894 0.218750
0 0.414449 0.382812 0.159696 0.223958
0 0.581749 0.382812 0.159696 0.213542
0 0.747148 0.385417 0.155894 0.208333
0 0.916350 0.388021 0.152091 0.203125
0 0.087452 0.611979 0.152091 0.203125
0 0.252852 0.609375 0.155894 0.208333
0 0.418251 0.611979 0.152091 0.203125
0 0.581749 0.609375 0.159696 0.208333
0 0.747148 0.609375 0.155894 0.208333
0 0.916350 0.611979 0.152091 0.213542
0 0.089354 0.835938 0.155894 0.213542
0 0.252852 0.841146 0.148289 0.213542
0 0.418251 0.838542 0.152091 0.208333
0 0.581749 0.835938 0.152091 0.203125
0 0.749049 0.838542 0.152091 0.208333
0 0.912548 0.841146 0.152091 0.203125
