0 0.039185 0.645570 0.059561 0.126582
0 0.100313 0.550633 0.050157 0.126582
0 0.178683 0.667722 0.068966 0.132911
0 0.197492 0.398734 0.075235 0.151899
0 0.329154 0.221519 0.106583 0.177215
0 0.257053 0.674051 0.056426 0.132911
0 0.474922 0.731013 0.065831 0.132911
0 0.542320 0.708861 0.062696 0.126582
0 0.536050 0.525316 0.075235 0.189873
0 0.763323 0.360759 0.078370 0.177215
0 0.898119 0.401899 0.097179 0.170886
0 0.731975 0.734177 0.072100 0.113924
0 0.788401 0.664557 0.072100 0.139241
0 0.898119 0.712025 0.065831 0.120253
0 0.960815 0.620253 0.078370 0.151899
