0 0.176667 0.157738 0.126667 0.172619
0 0.336667 0.148810 0.086667 0.154762
0 0.500000 0.178571 0.120000 0.214286
0 0.658333 0.160714 0.090000 0.190476
0 0.180000 0.443452 0.086667 0.184524
0 0.340000 0.461310 0.113333 0.184524
0 0.498333 0.449405 0.103333 0.184524
0 0.665000 0.464286 0.136667 0.202381
0 0.825000 0.473214 0.130000 0.232143
0 0.175000 0.764881 0.110000 0.184524
0 0.331667 0.767857 0.123333 0.214286
0 0.506667 0.758929 0.106667 0.184524
0 0.663333 0.764881 0.120000 0.196429
0 0.825000 0.761905 0.110000 0.190476
